Month,Interest,Principal,Remaining Balance,MID,Net Payment
1,2190.71,2158.33,748941.67,688.63,3660.41
2,2184.41,2158.33,746783.33,686.30,3656.44
3,2178.12,2158.33,744625.00,683.98,3652.48
4,2171.82,2158.33,742466.67,681.65,3648.51
5,2165.53,2158.33,740308.33,679.32,3644.54
6,2159.23,2158.33,738150.00,676.99,3640.57
7,2152.94,2158.33,735991.67,674.67,3636.60
8,2146.64,2158.33,733833.33,672.34,3632.64
9,2140.35,2158.33,731675.00,670.01,3628.67
10,2134.05,2158.33,729516.67,667.68,3624.70
11,2127.76,2158.33,727358.33,665.36,3620.73
12,2121.46,2158.33,725200.00,663.03,3616.77
13,2115.17,2158.33,723041.67,660.70,3612.80
14,2108.87,2158.33,720883.33,658.37,3608.83
15,2102.58,2158.33,718725.00,656.05,3604.86
16,2096.28,2158.33,716566.67,653.72,3600.89
17,2089.99,2158.33,714408.33,651.39,3596.93
18,2083.69,2158.33,712250.00,649.07,3592.96
19,2077.40,2158.33,710091.67,646.74,3588.99
20,2071.10,2158.33,707933.33,644.41,3585.02
21,2064.81,2158.33,705775.00,642.08,3581.06
22,2058.51,2158.33,703616.67,639.76,3577.09
23,2052.22,2158.33,701458.33,637.43,3573.12
24,2045.92,2158.33,699300.00,635.10,3569.15
25,2039.62,2158.33,697141.67,632.77,3565.18
26,2033.33,2158.33,694983.33,630.45,3561.22
27,2027.03,2158.33,692825.00,628.12,3557.25
28,2020.74,2158.33,690666.67,625.79,3553.28
29,2014.44,2158.33,688508.33,623.47,3549.31
30,2008.15,2158.33,686350.00,621.14,3545.34
31,2001.85,2158.33,684191.67,618.81,3541.38
32,1995.56,2158.33,682033.33,616.48,3537.41
33,1989.26,2158.33,679875.00,614.16,3533.44
34,1982.97,2158.33,677716.67,611.83,3529.47
35,1976.67,2158.33,675558.33,609.50,3525.51
36,1970.38,2158.33,673400.00,607.17,3521.54
37,1964.08,2158.33,671241.67,604.85,3517.57
38,1957.79,2158.33,669083.33,602.52,3513.60
39,1951.49,2158.33,666925.00,600.19,3509.63
40,1945.20,2158.33,664766.67,597.86,3505.67
41,1938.90,2158.33,662608.33,595.54,3501.70
42,1932.61,2158.33,660450.00,593.21,3497.73
43,1926.31,2158.33,658291.67,590.88,3493.76
44,1920.02,2158.33,656133.33,588.56,3489.80
45,1913.72,2158.33,653975.00,586.23,3485.83
46,1907.43,2158.33,651816.67,583.90,3481.86
47,1901.13,2158.33,649658.33,581.57,3477.89
48,1894.84,2158.33,647500.00,579.25,3473.92
49,1888.54,2158.33,645341.67,576.92,3469.96
50,1882.25,2158.33,643183.33,574.59,3465.99
51,1875.95,2158.33,641025.00,572.26,3462.02
52,1869.66,2158.33,638866.67,569.94,3458.05
53,1863.36,2158.33,636708.33,567.61,3454.08
54,1857.07,2158.33,634550.00,565.28,3450.12
55,1850.77,2158.33,632391.67,562.95,3446.15
56,1844.48,2158.33,630233.33,560.63,3442.18
57,1838.18,2158.33,628075.00,558.30,3438.21
58,1831.89,2158.33,625916.67,555.97,3434.25
59,1825.59,2158.33,623758.33,553.65,3430.28
60,1819.30,2158.33,621600.00,551.32,3426.31
61,1813.00,2158.33,619441.67,548.99,3422.34
62,1806.70,2158.33,617283.33,546.66,3418.37
63,1800.41,2158.33,615125.00,544.34,3414.41
64,1794.11,2158.33,612966.67,542.01,3410.44
65,1787.82,2158.33,610808.33,539.68,3406.47
66,1781.52,2158.33,608650.00,537.35,3402.50
67,1775.23,2158.33,606491.67,535.03,3398.54
68,1768.93,2158.33,604333.33,532.70,3394.57
69,1762.64,2158.33,602175.00,530.37,3390.60
70,1756.34,2158.33,600016.67,528.05,3386.63
71,1750.05,2158.33,597858.33,525.72,3382.66
72,1743.75,2158.33,595700.00,523.39,3378.70
73,1737.46,2158.33,593541.67,521.06,3374.73
74,1731.16,2158.33,591383.33,518.74,3370.76
75,1724.87,2158.33,589225.00,516.41,3366.79
76,1718.57,2158.33,587066.67,514.08,3362.82
77,1712.28,2158.33,584908.33,511.75,3358.86
78,1705.98,2158.33,582750.00,509.43,3354.89
79,1699.69,2158.33,580591.67,507.10,3350.92
80,1693.39,2158.33,578433.33,504.77,3346.95
81,1687.10,2158.33,576275.00,502.44,3342.99
82,1680.80,2158.33,574116.67,500.12,3339.02
83,1674.51,2158.33,571958.33,497.79,3335.05
84,1668.21,2158.33,569800.00,495.46,3331.08
85,1661.92,2158.33,567641.67,493.14,3327.11
86,1655.62,2158.33,565483.33,490.81,3323.15
87,1649.33,2158.33,563325.00,488.48,3319.18
88,1643.03,2158.33,561166.67,486.15,3315.21
89,1636.74,2158.33,559008.33,483.83,3311.24
90,1630.44,2158.33,556850.00,481.50,3307.28
91,1624.15,2158.33,554691.67,479.17,3303.31
92,1617.85,2158.33,552533.33,476.84,3299.34
93,1611.56,2158.33,550375.00,474.52,3295.37
94,1605.26,2158.33,548216.67,472.19,3291.40
95,1598.97,2158.33,546058.33,469.86,3287.44
96,1592.67,2158.33,543900.00,467.54,3283.47
97,1586.37,2158.33,541741.67,465.21,3279.50
98,1580.08,2158.33,539583.33,462.88,3275.53
99,1573.78,2158.33,537425.00,460.55,3271.56
100,1567.49,2158.33,535266.67,458.23,3267.60
101,1561.19,2158.33,533108.33,455.90,3263.63
102,1554.90,2158.33,530950.00,453.57,3259.66
103,1548.60,2158.33,528791.67,451.24,3255.69
104,1542.31,2158.33,526633.33,448.92,3251.73
105,1536.01,2158.33,524475.00,446.59,3247.76
106,1529.72,2158.33,522316.67,444.26,3243.79
107,1523.42,2158.33,520158.33,441.93,3239.82
108,1517.13,2158.33,518000.00,439.61,3235.85
109,1510.83,2158.33,515841.67,437.28,3231.89
110,1504.54,2158.33,513683.33,434.95,3227.92
111,1498.24,2158.33,511525.00,432.63,3223.95
112,1491.95,2158.33,509366.67,430.30,3219.98
113,1485.65,2158.33,507208.33,427.97,3216.02
114,1479.36,2158.33,505050.00,425.64,3212.05
115,1473.06,2158.33,502891.67,423.32,3208.08
116,1466.77,2158.33,500733.33,420.99,3204.11
117,1460.47,2158.33,498575.00,418.66,3200.14
118,1454.18,2158.33,496416.67,416.33,3196.18
119,1447.88,2158.33,494258.33,414.01,3192.21
120,1441.59,2158.33,492100.00,411.68,3188.24
121,1435.29,2158.33,489941.67,409.35,3184.27
122,1429.00,2158.33,487783.33,407.03,3180.30
123,1422.70,2158.33,485625.00,404.70,3176.34
124,1416.41,2158.33,483466.67,402.37,3172.37
125,1410.11,2158.33,481308.33,400.04,3168.40
126,1403.82,2158.33,479150.00,397.72,3164.43
127,1397.52,2158.33,476991.67,395.39,3160.47
128,1391.23,2158.33,474833.33,393.06,3156.50
129,1384.93,2158.33,472675.00,390.73,3152.53
130,1378.64,2158.33,470516.67,388.41,3148.56
131,1372.34,2158.33,468358.33,386.08,3144.59
132,1366.05,2158.33,466200.00,383.75,3140.63
133,1359.75,2158.33,464041.67,381.42,3136.66
134,1353.45,2158.33,461883.33,379.10,3132.69
135,1347.16,2158.33,459725.00,376.77,3128.72
136,1340.86,2158.33,457566.67,374.44,3124.76
137,1334.57,2158.33,455408.33,372.12,3120.79
138,1328.27,2158.33,453250.00,369.79,3116.82
139,1321.98,2158.33,451091.67,367.46,3112.85
140,1315.68,2158.33,448933.33,365.13,3108.88
141,1309.39,2158.33,446775.00,362.81,3104.92
142,1303.09,2158.33,444616.67,360.48,3100.95
143,1296.80,2158.33,442458.33,358.15,3096.98
144,1290.50,2158.33,440300.00,355.82,3093.01
145,1284.21,2158.33,438141.67,353.50,3089.04
146,1277.91,2158.33,435983.33,351.17,3085.08
147,1271.62,2158.33,433825.00,348.84,3081.11
148,1265.32,2158.33,431666.67,346.51,3077.14
149,1259.03,2158.33,429508.33,344.19,3073.17
150,1252.73,2158.33,427350.00,341.86,3069.21
151,1246.44,2158.33,425191.67,339.53,3065.24
152,1240.14,2158.33,423033.33,337.21,3061.27
153,1233.85,2158.33,420875.00,334.88,3057.30
154,1227.55,2158.33,418716.67,332.55,3053.33
155,1221.26,2158.33,416558.33,330.22,3049.37
156,1214.96,2158.33,414400.00,327.90,3045.40
157,1208.67,2158.33,412241.67,325.57,3041.43
158,1202.37,2158.33,410083.33,323.24,3037.46
159,1196.08,2158.33,407925.00,320.91,3033.50
160,1189.78,2158.33,405766.67,318.59,3029.53
161,1183.49,2158.33,403608.33,316.26,3025.56
162,1177.19,2158.33,401450.00,313.93,3021.59
163,1170.90,2158.33,399291.67,311.61,3017.62
164,1164.60,2158.33,397133.33,309.28,3013.66
165,1158.31,2158.33,394975.00,306.95,3009.69
166,1152.01,2158.33,392816.67,304.62,3005.72
167,1145.72,2158.33,390658.33,302.30,3001.75
168,1139.42,2158.33,388500.00,299.97,2997.78
169,1133.12,2158.33,386341.67,297.64,2993.82
170,1126.83,2158.33,384183.33,295.31,2989.85
171,1120.53,2158.33,382025.00,292.99,2985.88
172,1114.24,2158.33,379866.67,290.66,2981.91
173,1107.94,2158.33,377708.33,288.33,2977.95
174,1101.65,2158.33,375550.00,286.00,2973.98
175,1095.35,2158.33,373391.67,283.68,2970.01
176,1089.06,2158.33,371233.33,281.35,2966.04
177,1082.76,2158.33,369075.00,279.02,2962.07
178,1076.47,2158.33,366916.67,276.70,2958.11
179,1070.17,2158.33,364758.33,274.37,2954.14
180,1063.88,2158.33,362600.00,272.04,2950.17
181,1057.58,2158.33,360441.67,269.71,2946.20
182,1051.29,2158.33,358283.33,267.39,2942.24
183,1044.99,2158.33,356125.00,265.06,2938.27
184,1038.70,2158.33,353966.67,262.73,2934.30
185,1032.40,2158.33,351808.33,260.40,2930.33
186,1026.11,2158.33,349650.00,258.08,2926.36
187,1019.81,2158.33,347491.67,255.75,2922.40
188,1013.52,2158.33,345333.33,253.42,2918.43
189,1007.22,2158.33,343175.00,251.10,2914.46
190,1000.93,2158.33,341016.67,248.77,2910.49
191,994.63,2158.33,338858.33,246.44,2906.52
192,988.34,2158.33,336700.00,244.11,2902.56
193,982.04,2158.33,334541.67,241.79,2898.59
194,975.75,2158.33,332383.33,239.46,2894.62
195,969.45,2158.33,330225.00,237.13,2890.65
196,963.16,2158.33,328066.67,234.80,2886.69
197,956.86,2158.33,325908.33,232.48,2882.72
198,950.57,2158.33,323750.00,230.15,2878.75
199,944.27,2158.33,321591.67,227.82,2874.78
200,937.98,2158.33,319433.33,225.49,2870.81
201,931.68,2158.33,317275.00,223.17,2866.85
202,925.39,2158.33,315116.67,220.84,2862.88
203,919.09,2158.33,312958.33,218.51,2858.91
204,912.80,2158.33,310800.00,216.19,2854.94
205,906.50,2158.33,308641.67,213.86,2850.98
206,900.20,2158.33,306483.33,211.53,2847.01
207,893.91,2158.33,304325.00,209.20,2843.04
208,887.61,2158.33,302166.67,206.88,2839.07
209,881.32,2158.33,300008.33,204.55,2835.10
210,875.02,2158.33,297850.00,202.22,2831.14
211,868.73,2158.33,295691.67,199.89,2827.17
212,862.43,2158.33,293533.33,197.57,2823.20
213,856.14,2158.33,291375.00,195.24,2819.23
214,849.84,2158.33,289216.67,192.91,2815.26
215,843.55,2158.33,287058.33,190.58,2811.30
216,837.25,2158.33,284900.00,188.26,2807.33
217,830.96,2158.33,282741.67,185.93,2803.36
218,824.66,2158.33,280583.33,183.60,2799.39
219,818.37,2158.33,278425.00,181.28,2795.43
220,812.07,2158.33,276266.67,178.95,2791.46
221,805.78,2158.33,274108.33,176.62,2787.49
222,799.48,2158.33,271950.00,174.29,2783.52
223,793.19,2158.33,269791.67,171.97,2779.55
224,786.89,2158.33,267633.33,169.64,2775.59
225,780.60,2158.33,265475.00,167.31,2771.62
226,774.30,2158.33,263316.67,164.98,2767.65
227,768.01,2158.33,261158.33,162.66,2763.68
228,761.71,2158.33,259000.00,160.33,2759.72
229,755.42,2158.33,256841.67,158.00,2755.75
230,749.12,2158.33,254683.33,155.68,2751.78
231,742.83,2158.33,252525.00,153.35,2747.81
232,736.53,2158.33,250366.67,151.02,2743.84
233,730.24,2158.33,248208.33,148.69,2739.88
234,723.94,2158.33,246050.00,146.37,2735.91
235,717.65,2158.33,243891.67,144.04,2731.94
236,711.35,2158.33,241733.33,141.71,2727.97
237,705.06,2158.33,239575.00,139.38,2724.00
238,698.76,2158.33,237416.67,137.06,2720.04
239,692.47,2158.33,235258.33,134.73,2716.07
240,686.17,2158.33,233100.00,132.40,2712.10
241,679.87,2158.33,230941.67,130.07,2708.13
242,673.58,2158.33,228783.33,127.75,2704.17
243,667.28,2158.33,226625.00,125.42,2700.20
244,660.99,2158.33,224466.67,123.09,2696.23
245,654.69,2158.33,222308.33,120.77,2692.26
246,648.40,2158.33,220150.00,118.44,2688.29
247,642.10,2158.33,217991.67,116.11,2684.33
248,635.81,2158.33,215833.33,113.78,2680.36
249,629.51,2158.33,213675.00,111.46,2676.39
250,623.22,2158.33,211516.67,109.13,2672.42
251,616.92,2158.33,209358.33,106.80,2668.46
252,610.63,2158.33,207200.00,104.47,2664.49
253,604.33,2158.33,205041.67,102.15,2660.52
254,598.04,2158.33,202883.33,99.82,2656.55
255,591.74,2158.33,200725.00,97.49,2652.58
256,585.45,2158.33,198566.67,95.17,2648.62
257,579.15,2158.33,196408.33,92.84,2644.65
258,572.86,2158.33,194250.00,90.51,2640.68
259,566.56,2158.33,192091.67,88.18,2636.71
260,560.27,2158.33,189933.33,85.86,2632.74
261,553.97,2158.33,187775.00,83.53,2628.78
262,547.68,2158.33,185616.67,81.20,2624.81
263,541.38,2158.33,183458.33,78.87,2620.84
264,535.09,2158.33,181300.00,76.55,2616.87
265,528.79,2158.33,179141.67,74.22,2612.91
266,522.50,2158.33,176983.33,71.89,2608.94
267,516.20,2158.33,174825.00,69.56,2604.97
268,509.91,2158.33,172666.67,67.24,2601.00
269,503.61,2158.33,170508.33,64.91,2597.03
270,497.32,2158.33,168350.00,62.58,2593.07
271,491.02,2158.33,166191.67,60.26,2589.10
272,484.73,2158.33,164033.33,57.93,2585.13
273,478.43,2158.33,161875.00,55.60,2581.16
274,472.14,2158.33,159716.67,53.27,2577.20
275,465.84,2158.33,157558.33,50.95,2573.23
276,459.55,2158.33,155400.00,48.62,2569.26
277,453.25,2158.33,153241.67,46.29,2565.29
278,446.95,2158.33,151083.33,43.96,2561.32
279,440.66,2158.33,148925.00,41.64,2557.36
280,434.36,2158.33,146766.67,39.31,2553.39
281,428.07,2158.33,144608.33,36.98,2549.42
282,421.77,2158.33,142450.00,34.65,2545.45
283,415.48,2158.33,140291.67,32.33,2541.48
284,409.18,2158.33,138133.33,30.00,2537.52
285,402.89,2158.33,135975.00,27.67,2533.55
286,396.59,2158.33,133816.67,25.35,2529.58
287,390.30,2158.33,131658.33,23.02,2525.61
288,384.00,2158.33,129500.00,20.69,2521.65
289,377.71,2158.33,127341.67,18.36,2517.68
290,371.41,2158.33,125183.33,16.04,2513.71
291,365.12,2158.33,123025.00,13.71,2509.74
292,358.82,2158.33,120866.67,11.38,2505.77
293,352.53,2158.33,118708.33,9.05,2501.81
294,346.23,2158.33,116550.00,6.73,2497.84
295,339.94,2158.33,114391.67,4.40,2493.87
296,333.64,2158.33,112233.33,2.07,2489.90
297,327.35,2158.33,110075.00,-0.25,2485.94
298,321.05,2158.33,107916.67,-2.58,2481.97
299,314.76,2158.33,105758.33,-4.91,2478.00
300,308.46,2158.33,103600.00,-7.24,2474.03
301,302.17,2158.33,101441.67,-9.56,2470.06
302,295.87,2158.33,99283.33,-11.89,2466.10
303,289.58,2158.33,97125.00,-14.22,2462.13
304,283.28,2158.33,94966.67,-16.55,2458.16
305,276.99,2158.33,92808.33,-18.87,2454.19
306,270.69,2158.33,90650.00,-21.20,2450.22
307,264.40,2158.33,88491.67,-23.53,2446.26
308,258.10,2158.33,86333.33,-25.86,2442.29
309,251.81,2158.33,84175.00,-28.18,2438.32
310,245.51,2158.33,82016.67,-30.51,2434.35
311,239.22,2158.33,79858.33,-32.84,2430.39
312,232.92,2158.33,77700.00,-35.16,2426.42
313,226.62,2158.33,75541.67,-37.49,2422.45
314,220.33,2158.33,73383.33,-39.82,2418.48
315,214.03,2158.33,71225.00,-42.15,2414.51
316,207.74,2158.33,69066.67,-44.47,2410.55
317,201.44,2158.33,66908.33,-46.80,2406.58
318,195.15,2158.33,64750.00,-49.13,2402.61
319,188.85,2158.33,62591.67,-51.46,2398.64
320,182.56,2158.33,60433.33,-53.78,2394.68
321,176.26,2158.33,58275.00,-56.11,2390.71
322,169.97,2158.33,56116.67,-58.44,2386.74
323,163.67,2158.33,53958.33,-60.76,2382.77
324,157.38,2158.33,51800.00,-63.09,2378.80
325,151.08,2158.33,49641.67,-65.42,2374.84
326,144.79,2158.33,47483.33,-67.75,2370.87
327,138.49,2158.33,45325.00,-70.07,2366.90
328,132.20,2158.33,43166.67,-72.40,2362.93
329,125.90,2158.33,41008.33,-74.73,2358.96
330,119.61,2158.33,38850.00,-77.06,2355.00
331,113.31,2158.33,36691.67,-79.38,2351.03
332,107.02,2158.33,34533.33,-81.71,2347.06
333,100.72,2158.33,32375.00,-84.04,2343.09
334,94.43,2158.33,30216.67,-86.37,2339.13
335,88.13,2158.33,28058.33,-88.69,2335.16
336,81.84,2158.33,25900.00,-91.02,2331.19
337,75.54,2158.33,23741.67,-93.35,2327.22
338,69.25,2158.33,21583.33,-95.67,2323.25
339,62.95,2158.33,19425.00,-98.00,2319.29
340,56.66,2158.33,17266.67,-100.33,2315.32
341,50.36,2158.33,15108.33,-102.66,2311.35
342,44.07,2158.33,12950.00,-104.98,2307.38
343,37.77,2158.33,10791.67,-107.31,2303.42
344,31.48,2158.33,8633.33,-109.64,2299.45
345,25.18,2158.33,6475.00,-111.97,2295.48
346,18.89,2158.33,4316.67,-114.29,2291.51
347,12.59,2158.33,2158.33,-116.62,2287.54
348,6.30,2158.33,-0.00,-118.95,2283.58
