Month,Interest,Principal,Remaining Balance,MID,Net Payment
1,2913.75,2158.33,774841.67,955.94,4116.14
2,2905.66,2158.33,772683.33,952.95,4111.04
3,2897.56,2158.33,770525.00,949.95,4105.94
4,2889.47,2158.33,768366.67,946.96,4100.84
5,2881.37,2158.33,766208.33,943.97,4095.74
6,2873.28,2158.33,764050.00,940.98,4090.64
7,2865.19,2158.33,761891.67,937.98,4085.54
8,2857.09,2158.33,759733.33,934.99,4080.43
9,2849.00,2158.33,757575.00,932.00,4075.33
10,2840.91,2158.33,755416.67,929.01,4070.23
11,2832.81,2158.33,753258.33,926.02,4065.13
12,2824.72,2158.33,751100.00,923.02,4060.03
13,2816.62,2158.33,748941.67,920.03,4054.93
14,2808.53,2158.33,746783.33,917.04,4049.83
15,2800.44,2158.33,744625.00,914.05,4044.72
16,2792.34,2158.33,742466.67,911.05,4039.62
17,2784.25,2158.33,740308.33,908.06,4034.52
18,2776.16,2158.33,738150.00,905.07,4029.42
19,2768.06,2158.33,735991.67,902.08,4024.32
20,2759.97,2158.33,733833.33,899.09,4019.22
21,2751.87,2158.33,731675.00,896.09,4014.12
22,2743.78,2158.33,729516.67,893.10,4009.01
23,2735.69,2158.33,727358.33,890.11,4003.91
24,2727.59,2158.33,725200.00,887.12,3998.81
25,2719.50,2158.33,723041.67,884.12,3993.71
26,2711.41,2158.33,720883.33,881.13,3988.61
27,2703.31,2158.33,718725.00,878.14,3983.51
28,2695.22,2158.33,716566.67,875.15,3978.40
29,2687.12,2158.33,714408.33,872.16,3973.30
30,2679.03,2158.33,712250.00,869.16,3968.20
31,2670.94,2158.33,710091.67,866.17,3963.10
32,2662.84,2158.33,707933.33,863.18,3958.00
33,2654.75,2158.33,705775.00,860.19,3952.90
34,2646.66,2158.33,703616.67,857.19,3947.80
35,2638.56,2158.33,701458.33,854.20,3942.69
36,2630.47,2158.33,699300.00,851.21,3937.59
37,2622.37,2158.33,697141.67,848.22,3932.49
38,2614.28,2158.33,694983.33,845.22,3927.39
39,2606.19,2158.33,692825.00,842.23,3922.29
40,2598.09,2158.33,690666.67,839.24,3917.19
41,2590.00,2158.33,688508.33,836.25,3912.09
42,2581.91,2158.33,686350.00,833.26,3906.98
43,2573.81,2158.33,684191.67,830.26,3901.88
44,2565.72,2158.33,682033.33,827.27,3896.78
45,2557.62,2158.33,679875.00,824.28,3891.68
46,2549.53,2158.33,677716.67,821.29,3886.58
47,2541.44,2158.33,675558.33,818.29,3881.48
48,2533.34,2158.33,673400.00,815.30,3876.37
49,2525.25,2158.33,671241.67,812.31,3871.27
50,2517.16,2158.33,669083.33,809.32,3866.17
51,2509.06,2158.33,666925.00,806.33,3861.07
52,2500.97,2158.33,664766.67,803.33,3855.97
53,2492.87,2158.33,662608.33,800.34,3850.87
54,2484.78,2158.33,660450.00,797.35,3845.77
55,2476.69,2158.33,658291.67,794.36,3840.66
56,2468.59,2158.33,656133.33,791.36,3835.56
57,2460.50,2158.33,653975.00,788.37,3830.46
58,2452.41,2158.33,651816.67,785.38,3825.36
59,2444.31,2158.33,649658.33,782.39,3820.26
60,2436.22,2158.33,647500.00,779.40,3815.16
61,2428.12,2158.33,645341.67,776.40,3810.06
62,2420.03,2158.33,643183.33,773.41,3804.95
63,2411.94,2158.33,641025.00,770.42,3799.85
64,2403.84,2158.33,638866.67,767.43,3794.75
65,2395.75,2158.33,636708.33,764.43,3789.65
66,2387.66,2158.33,634550.00,761.44,3784.55
67,2379.56,2158.33,632391.67,758.45,3779.45
68,2371.47,2158.33,630233.33,755.46,3774.35
69,2363.37,2158.33,628075.00,752.46,3769.24
70,2355.28,2158.33,625916.67,749.47,3764.14
71,2347.19,2158.33,623758.33,746.48,3759.04
72,2339.09,2158.33,621600.00,743.49,3753.94
73,2331.00,2158.33,619441.67,740.50,3748.84
74,2322.91,2158.33,617283.33,737.50,3743.74
75,2314.81,2158.33,615125.00,734.51,3738.63
76,2306.72,2158.33,612966.67,731.52,3733.53
77,2298.62,2158.33,610808.33,728.53,3728.43
78,2290.53,2158.33,608650.00,725.53,3723.33
79,2282.44,2158.33,606491.67,722.54,3718.23
80,2274.34,2158.33,604333.33,719.55,3713.13
81,2266.25,2158.33,602175.00,716.56,3708.03
82,2258.16,2158.33,600016.67,713.57,3702.92
83,2250.06,2158.33,597858.33,710.57,3697.82
84,2241.97,2158.33,595700.00,707.58,3692.72
85,2233.87,2158.33,593541.67,704.59,3687.62
86,2225.78,2158.33,591383.33,701.60,3682.52
87,2217.69,2158.33,589225.00,698.60,3677.42
88,2209.59,2158.33,587066.67,695.61,3672.32
89,2201.50,2158.33,584908.33,692.62,3667.21
90,2193.41,2158.33,582750.00,689.63,3662.11
91,2185.31,2158.33,580591.67,686.64,3657.01
92,2177.22,2158.33,578433.33,683.64,3651.91
93,2169.12,2158.33,576275.00,680.65,3646.81
94,2161.03,2158.33,574116.67,677.66,3641.71
95,2152.94,2158.33,571958.33,674.67,3636.60
96,2144.84,2158.33,569800.00,671.67,3631.50
97,2136.75,2158.33,567641.67,668.68,3626.40
98,2128.66,2158.33,565483.33,665.69,3621.30
99,2120.56,2158.33,563325.00,662.70,3616.20
100,2112.47,2158.33,561166.67,659.70,3611.10
101,2104.37,2158.33,559008.33,656.71,3606.00
102,2096.28,2158.33,556850.00,653.72,3600.89
103,2088.19,2158.33,554691.67,650.73,3595.79
104,2080.09,2158.33,552533.33,647.74,3590.69
105,2072.00,2158.33,550375.00,644.74,3585.59
106,2063.91,2158.33,548216.67,641.75,3580.49
107,2055.81,2158.33,546058.33,638.76,3575.39
108,2047.72,2158.33,543900.00,635.77,3570.29
109,2039.62,2158.33,541741.67,632.77,3565.18
110,2031.53,2158.33,539583.33,629.78,3560.08
111,2023.44,2158.33,537425.00,626.79,3554.98
112,2015.34,2158.33,535266.67,623.80,3549.88
113,2007.25,2158.33,533108.33,620.81,3544.78
114,1999.16,2158.33,530950.00,617.81,3539.68
115,1991.06,2158.33,528791.67,614.82,3534.58
116,1982.97,2158.33,526633.33,611.83,3529.47
117,1974.87,2158.33,524475.00,608.84,3524.37
118,1966.78,2158.33,522316.67,605.84,3519.27
119,1958.69,2158.33,520158.33,602.85,3514.17
120,1950.59,2158.33,518000.00,599.86,3509.07
121,1942.50,2158.33,515841.67,596.87,3503.97
122,1934.41,2158.33,513683.33,593.87,3498.86
123,1926.31,2158.33,511525.00,590.88,3493.76
124,1918.22,2158.33,509366.67,587.89,3488.66
125,1910.12,2158.33,507208.33,584.90,3483.56
126,1902.03,2158.33,505050.00,581.91,3478.46
127,1893.94,2158.33,502891.67,578.91,3473.36
128,1885.84,2158.33,500733.33,575.92,3468.26
129,1877.75,2158.33,498575.00,572.93,3463.15
130,1869.66,2158.33,496416.67,569.94,3458.05
131,1861.56,2158.33,494258.33,566.94,3452.95
132,1853.47,2158.33,492100.00,563.95,3447.85
133,1845.37,2158.33,489941.67,560.96,3442.75
134,1837.28,2158.33,487783.33,557.97,3437.65
135,1829.19,2158.33,485625.00,554.98,3432.55
136,1821.09,2158.33,483466.67,551.98,3427.44
137,1813.00,2158.33,481308.33,548.99,3422.34
138,1804.91,2158.33,479150.00,546.00,3417.24
139,1796.81,2158.33,476991.67,543.01,3412.14
140,1788.72,2158.33,474833.33,540.01,3407.04
141,1780.62,2158.33,472675.00,537.02,3401.94
142,1772.53,2158.33,470516.67,534.03,3396.83
143,1764.44,2158.33,468358.33,531.04,3391.73
144,1756.34,2158.33,466200.00,528.05,3386.63
145,1748.25,2158.33,464041.67,525.05,3381.53
146,1740.16,2158.33,461883.33,522.06,3376.43
147,1732.06,2158.33,459725.00,519.07,3371.33
148,1723.97,2158.33,457566.67,516.08,3366.23
149,1715.87,2158.33,455408.33,513.08,3361.12
150,1707.78,2158.33,453250.00,510.09,3356.02
151,1699.69,2158.33,451091.67,507.10,3350.92
152,1691.59,2158.33,448933.33,504.11,3345.82
153,1683.50,2158.33,446775.00,501.11,3340.72
154,1675.41,2158.33,444616.67,498.12,3335.62
155,1667.31,2158.33,442458.33,495.13,3330.52
156,1659.22,2158.33,440300.00,492.14,3325.41
157,1651.12,2158.33,438141.67,489.15,3320.31
158,1643.03,2158.33,435983.33,486.15,3315.21
159,1634.94,2158.33,433825.00,483.16,3310.11
160,1626.84,2158.33,431666.67,480.17,3305.01
161,1618.75,2158.33,429508.33,477.18,3299.91
162,1610.66,2158.33,427350.00,474.18,3294.80
163,1602.56,2158.33,425191.67,471.19,3289.70
164,1594.47,2158.33,423033.33,468.20,3284.60
165,1586.37,2158.33,420875.00,465.21,3279.50
166,1578.28,2158.33,418716.67,462.22,3274.40
167,1570.19,2158.33,416558.33,459.22,3269.30
168,1562.09,2158.33,414400.00,456.23,3264.20
169,1554.00,2158.33,412241.67,453.24,3259.09
170,1545.91,2158.33,410083.33,450.25,3253.99
171,1537.81,2158.33,407925.00,447.25,3248.89
172,1529.72,2158.33,405766.67,444.26,3243.79
173,1521.62,2158.33,403608.33,441.27,3238.69
174,1513.53,2158.33,401450.00,438.28,3233.59
175,1505.44,2158.33,399291.67,435.29,3228.49
176,1497.34,2158.33,397133.33,432.29,3223.38
177,1489.25,2158.33,394975.00,429.30,3218.28
178,1481.16,2158.33,392816.67,426.31,3213.18
179,1473.06,2158.33,390658.33,423.32,3208.08
180,1464.97,2158.33,388500.00,420.32,3202.98
181,1456.87,2158.33,386341.67,417.33,3197.88
182,1448.78,2158.33,384183.33,414.34,3192.78
183,1440.69,2158.33,382025.00,411.35,3187.67
184,1432.59,2158.33,379866.67,408.35,3182.57
185,1424.50,2158.33,377708.33,405.36,3177.47
186,1416.41,2158.33,375550.00,402.37,3172.37
187,1408.31,2158.33,373391.67,399.38,3167.27
188,1400.22,2158.33,371233.33,396.39,3162.17
189,1392.12,2158.33,369075.00,393.39,3157.06
190,1384.03,2158.33,366916.67,390.40,3151.96
191,1375.94,2158.33,364758.33,387.41,3146.86
192,1367.84,2158.33,362600.00,384.42,3141.76
193,1359.75,2158.33,360441.67,381.42,3136.66
194,1351.66,2158.33,358283.33,378.43,3131.56
195,1343.56,2158.33,356125.00,375.44,3126.46
196,1335.47,2158.33,353966.67,372.45,3121.35
197,1327.37,2158.33,351808.33,369.46,3116.25
198,1319.28,2158.33,349650.00,366.46,3111.15
199,1311.19,2158.33,347491.67,363.47,3106.05
200,1303.09,2158.33,345333.33,360.48,3100.95
201,1295.00,2158.33,343175.00,357.49,3095.85
202,1286.91,2158.33,341016.67,354.49,3090.75
203,1278.81,2158.33,338858.33,351.50,3085.64
204,1270.72,2158.33,336700.00,348.51,3080.54
205,1262.62,2158.33,334541.67,345.52,3075.44
206,1254.53,2158.33,332383.33,342.53,3070.34
207,1246.44,2158.33,330225.00,339.53,3065.24
208,1238.34,2158.33,328066.67,336.54,3060.14
209,1230.25,2158.33,325908.33,333.55,3055.03
210,1222.16,2158.33,323750.00,330.56,3049.93
211,1214.06,2158.33,321591.67,327.56,3044.83
212,1205.97,2158.33,319433.33,324.57,3039.73
213,1197.87,2158.33,317275.00,321.58,3034.63
214,1189.78,2158.33,315116.67,318.59,3029.53
215,1181.69,2158.33,312958.33,315.59,3024.43
216,1173.59,2158.33,310800.00,312.60,3019.32
217,1165.50,2158.33,308641.67,309.61,3014.22
218,1157.41,2158.33,306483.33,306.62,3009.12
219,1149.31,2158.33,304325.00,303.63,3004.02
220,1141.22,2158.33,302166.67,300.63,2998.92
221,1133.12,2158.33,300008.33,297.64,2993.82
222,1125.03,2158.33,297850.00,294.65,2988.72
223,1116.94,2158.33,295691.67,291.66,2983.61
224,1108.84,2158.33,293533.33,288.66,2978.51
225,1100.75,2158.33,291375.00,285.67,2973.41
226,1092.66,2158.33,289216.67,282.68,2968.31
227,1084.56,2158.33,287058.33,279.69,2963.21
228,1076.47,2158.33,284900.00,276.70,2958.11
229,1068.37,2158.33,282741.67,273.70,2953.01
230,1060.28,2158.33,280583.33,270.71,2947.90
231,1052.19,2158.33,278425.00,267.72,2942.80
232,1044.09,2158.33,276266.67,264.73,2937.70
233,1036.00,2158.33,274108.33,261.73,2932.60
234,1027.91,2158.33,271950.00,258.74,2927.50
235,1019.81,2158.33,269791.67,255.75,2922.40
236,1011.72,2158.33,267633.33,252.76,2917.29
237,1003.62,2158.33,265475.00,249.77,2912.19
238,995.53,2158.33,263316.67,246.77,2907.09
239,987.44,2158.33,261158.33,243.78,2901.99
240,979.34,2158.33,259000.00,240.79,2896.89
241,971.25,2158.33,256841.67,237.80,2891.79
242,963.16,2158.33,254683.33,234.80,2886.69
243,955.06,2158.33,252525.00,231.81,2881.58
244,946.97,2158.33,250366.67,228.82,2876.48
245,938.87,2158.33,248208.33,225.83,2871.38
246,930.78,2158.33,246050.00,222.83,2866.28
247,922.69,2158.33,243891.67,219.84,2861.18
248,914.59,2158.33,241733.33,216.85,2856.08
249,906.50,2158.33,239575.00,213.86,2850.98
250,898.41,2158.33,237416.67,210.87,2845.87
251,890.31,2158.33,235258.33,207.87,2840.77
252,882.22,2158.33,233100.00,204.88,2835.67
253,874.12,2158.33,230941.67,201.89,2830.57
254,866.03,2158.33,228783.33,198.90,2825.47
255,857.94,2158.33,226625.00,195.90,2820.37
256,849.84,2158.33,224466.67,192.91,2815.26
257,841.75,2158.33,222308.33,189.92,2810.16
258,833.66,2158.33,220150.00,186.93,2805.06
259,825.56,2158.33,217991.67,183.94,2799.96
260,817.47,2158.33,215833.33,180.94,2794.86
261,809.37,2158.33,213675.00,177.95,2789.76
262,801.28,2158.33,211516.67,174.96,2784.66
263,793.19,2158.33,209358.33,171.97,2779.55
264,785.09,2158.33,207200.00,168.97,2774.45
265,777.00,2158.33,205041.67,165.98,2769.35
266,768.91,2158.33,202883.33,162.99,2764.25
267,760.81,2158.33,200725.00,160.00,2759.15
268,752.72,2158.33,198566.67,157.01,2754.05
269,744.62,2158.33,196408.33,154.01,2748.95
270,736.53,2158.33,194250.00,151.02,2743.84
271,728.44,2158.33,192091.67,148.03,2738.74
272,720.34,2158.33,189933.33,145.04,2733.64
273,712.25,2158.33,187775.00,142.04,2728.54
274,704.16,2158.33,185616.67,139.05,2723.44
275,696.06,2158.33,183458.33,136.06,2718.34
276,687.97,2158.33,181300.00,133.07,2713.24
277,679.87,2158.33,179141.67,130.07,2708.13
278,671.78,2158.33,176983.33,127.08,2703.03
279,663.69,2158.33,174825.00,124.09,2697.93
280,655.59,2158.33,172666.67,121.10,2692.83
281,647.50,2158.33,170508.33,118.11,2687.73
282,639.41,2158.33,168350.00,115.11,2682.63
283,631.31,2158.33,166191.67,112.12,2677.52
284,623.22,2158.33,164033.33,109.13,2672.42
285,615.12,2158.33,161875.00,106.14,2667.32
286,607.03,2158.33,159716.67,103.14,2662.22
287,598.94,2158.33,157558.33,100.15,2657.12
288,590.84,2158.33,155400.00,97.16,2652.02
289,582.75,2158.33,153241.67,94.17,2646.92
290,574.66,2158.33,151083.33,91.18,2641.81
291,566.56,2158.33,148925.00,88.18,2636.71
292,558.47,2158.33,146766.67,85.19,2631.61
293,550.37,2158.33,144608.33,82.20,2626.51
294,542.28,2158.33,142450.00,79.21,2621.41
295,534.19,2158.33,140291.67,76.21,2616.31
296,526.09,2158.33,138133.33,73.22,2611.21
297,518.00,2158.33,135975.00,70.23,2606.10
298,509.91,2158.33,133816.67,67.24,2601.00
299,501.81,2158.33,131658.33,64.25,2595.90
300,493.72,2158.33,129500.00,61.25,2590.80
301,485.62,2158.33,127341.67,58.26,2585.70
302,477.53,2158.33,125183.33,55.27,2580.60
303,469.44,2158.33,123025.00,52.28,2575.49
304,461.34,2158.33,120866.67,49.28,2570.39
305,453.25,2158.33,118708.33,46.29,2565.29
306,445.16,2158.33,116550.00,43.30,2560.19
307,437.06,2158.33,114391.67,40.31,2555.09
308,428.97,2158.33,112233.33,37.31,2549.99
309,420.87,2158.33,110075.00,34.32,2544.89
310,412.78,2158.33,107916.67,31.33,2539.78
311,404.69,2158.33,105758.33,28.34,2534.68
312,396.59,2158.33,103600.00,25.35,2529.58
313,388.50,2158.33,101441.67,22.35,2524.48
314,380.41,2158.33,99283.33,19.36,2519.38
315,372.31,2158.33,97125.00,16.37,2514.28
316,364.22,2158.33,94966.67,13.38,2509.18
317,356.12,2158.33,92808.33,10.38,2504.07
318,348.03,2158.33,90650.00,7.39,2498.97
319,339.94,2158.33,88491.67,4.40,2493.87
320,331.84,2158.33,86333.33,1.41,2488.77
321,323.75,2158.33,84175.00,-1.58,2483.67
322,315.66,2158.33,82016.67,-4.58,2478.57
323,307.56,2158.33,79858.33,-7.57,2473.46
324,299.47,2158.33,77700.00,-10.56,2468.36
325,291.37,2158.33,75541.67,-13.55,2463.26
326,283.28,2158.33,73383.33,-16.55,2458.16
327,275.19,2158.33,71225.00,-19.54,2453.06
328,267.09,2158.33,69066.67,-22.53,2447.96
329,259.00,2158.33,66908.33,-25.52,2442.86
330,250.91,2158.33,64750.00,-28.51,2437.75
331,242.81,2158.33,62591.67,-31.51,2432.65
332,234.72,2158.33,60433.33,-34.50,2427.55
333,226.62,2158.33,58275.00,-37.49,2422.45
334,218.53,2158.33,56116.67,-40.48,2417.35
335,210.44,2158.33,53958.33,-43.48,2412.25
336,202.34,2158.33,51800.00,-46.47,2407.15
337,194.25,2158.33,49641.67,-49.46,2402.04
338,186.16,2158.33,47483.33,-52.45,2396.94
339,178.06,2158.33,45325.00,-55.45,2391.84
340,169.97,2158.33,43166.67,-58.44,2386.74
341,161.87,2158.33,41008.33,-61.43,2381.64
342,153.78,2158.33,38850.00,-64.42,2376.54
343,145.69,2158.33,36691.67,-67.41,2371.44
344,137.59,2158.33,34533.33,-70.41,2366.33
345,129.50,2158.33,32375.00,-73.40,2361.23
346,121.41,2158.33,30216.67,-76.39,2356.13
347,113.31,2158.33,28058.33,-79.38,2351.03
348,105.22,2158.33,25900.00,-82.38,2345.93
349,97.12,2158.33,23741.67,-85.37,2340.83
350,89.03,2158.33,21583.33,-88.36,2335.72
351,80.94,2158.33,19425.00,-91.35,2330.62
352,72.84,2158.33,17266.67,-94.34,2325.52
353,64.75,2158.33,15108.33,-97.34,2320.42
354,56.66,2158.33,12950.00,-100.33,2315.32
355,48.56,2158.33,10791.67,-103.32,2310.22
356,40.47,2158.33,8633.33,-106.31,2305.12
357,32.37,2158.33,6475.00,-109.31,2300.01
358,24.28,2158.33,4316.67,-112.30,2294.91
359,16.19,2158.33,2158.33,-115.29,2289.81
360,8.09,2158.33,-0.00,-118.28,2284.71
