Month,Interest,Principal,Remaining Balance,MID,Net Payment
1,2347.19,1196.43,749903.57,746.48,2797.14
2,2343.45,1200.17,748703.40,745.10,2798.52
3,2339.70,1203.92,747499.47,743.71,2799.91
4,2335.94,1207.68,746291.79,742.32,2801.30
5,2332.16,1211.46,745080.33,740.93,2802.70
6,2328.38,1215.24,743865.08,739.53,2804.09
7,2324.58,1219.04,742646.04,738.12,2805.50
8,2320.77,1222.85,741423.19,736.71,2806.91
9,2316.95,1226.67,740196.52,735.30,2808.32
10,2313.11,1230.51,738966.01,733.88,2809.74
11,2309.27,1234.35,737731.66,732.46,2811.16
12,2305.41,1238.21,736493.45,731.04,2812.58
13,2301.54,1242.08,735251.37,729.61,2814.02
14,2297.66,1245.96,734005.41,728.17,2815.45
15,2293.77,1249.85,732755.56,726.73,2816.89
16,2289.86,1253.76,731501.80,725.29,2818.33
17,2285.94,1257.68,730244.12,723.84,2819.78
18,2282.01,1261.61,728982.51,722.39,2821.24
19,2278.07,1265.55,727716.96,720.93,2822.69
20,2274.12,1269.50,726447.46,719.47,2824.15
21,2270.15,1273.47,725173.99,718.00,2825.62
22,2266.17,1277.45,723896.54,716.53,2827.09
23,2262.18,1281.44,722615.09,715.05,2828.57
24,2258.17,1285.45,721329.64,713.57,2830.05
25,2254.16,1289.47,720040.18,712.09,2831.53
26,2250.13,1293.49,718746.68,710.60,2833.02
27,2246.08,1297.54,717449.15,709.10,2834.52
28,2242.03,1301.59,716147.55,707.60,2836.02
29,2237.96,1305.66,714841.89,706.10,2837.52
30,2233.88,1309.74,713532.16,704.59,2839.03
31,2229.79,1313.83,712218.32,703.08,2840.54
32,2225.68,1317.94,710900.38,701.56,2842.06
33,2221.56,1322.06,709578.33,700.04,2843.58
34,2217.43,1326.19,708252.14,698.51,2845.11
35,2213.29,1330.33,706921.81,696.98,2846.64
36,2209.13,1334.49,705587.32,695.44,2848.18
37,2204.96,1338.66,704248.66,693.90,2849.72
38,2200.78,1342.84,702905.81,692.35,2851.27
39,2196.58,1347.04,701558.77,690.80,2852.82
40,2192.37,1351.25,700207.52,689.24,2854.38
41,2188.15,1355.47,698852.05,687.68,2855.94
42,2183.91,1359.71,697492.34,686.12,2857.50
43,2179.66,1363.96,696128.39,684.55,2859.07
44,2175.40,1368.22,694760.17,682.97,2860.65
45,2171.13,1372.49,693387.67,681.39,2862.23
46,2166.84,1376.78,692010.89,679.80,2863.82
47,2162.53,1381.09,690629.80,678.21,2865.41
48,2158.22,1385.40,689244.40,676.62,2867.00
49,2153.89,1389.73,687854.67,675.02,2868.60
50,2149.55,1394.07,686460.59,673.41,2870.21
51,2145.19,1398.43,685062.16,671.80,2871.82
52,2140.82,1402.80,683659.36,670.19,2873.43
53,2136.44,1407.18,682252.18,668.57,2875.06
54,2132.04,1411.58,680840.59,666.94,2876.68
55,2127.63,1415.99,679424.60,665.31,2878.31
56,2123.20,1420.42,678004.18,663.67,2879.95
57,2118.76,1424.86,676579.32,662.03,2881.59
58,2114.31,1429.31,675150.01,660.39,2883.23
59,2109.84,1433.78,673716.24,658.73,2884.89
60,2105.36,1438.26,672277.98,657.08,2886.54
61,2100.87,1442.75,670835.23,655.42,2888.20
62,2096.36,1447.26,669387.97,653.75,2889.87
63,2091.84,1451.78,667936.18,652.08,2891.54
64,2087.30,1456.32,666479.86,650.40,2893.22
65,2082.75,1460.87,665018.99,648.72,2894.90
66,2078.18,1465.44,663553.56,647.03,2896.59
67,2073.60,1470.02,662083.54,645.34,2898.28
68,2069.01,1474.61,660608.93,643.64,2899.98
69,2064.40,1479.22,659129.72,641.93,2901.69
70,2059.78,1483.84,657645.87,640.23,2903.39
71,2055.14,1488.48,656157.40,638.51,2905.11
72,2050.49,1493.13,654664.27,636.79,2906.83
73,2045.83,1497.79,653166.47,635.07,2908.55
74,2041.15,1502.48,651664.00,633.34,2910.28
75,2036.45,1507.17,650156.83,631.60,2912.02
76,2031.74,1511.88,648644.95,629.86,2913.76
77,2027.02,1516.61,647128.34,628.11,2915.51
78,2022.28,1521.34,645607.00,626.36,2917.26
79,2017.52,1526.10,644080.90,624.60,2919.02
80,2012.75,1530.87,642550.03,622.84,2920.78
81,2007.97,1535.65,641014.38,621.07,2922.55
82,2003.17,1540.45,639473.93,619.30,2924.32
83,1998.36,1545.26,637928.67,617.52,2926.10
84,1993.53,1550.09,636378.57,615.73,2927.89
85,1988.68,1554.94,634823.63,613.94,2929.68
86,1983.82,1559.80,633263.84,612.14,2931.48
87,1978.95,1564.67,631699.17,610.34,2933.28
88,1974.06,1569.56,630129.61,608.53,2935.09
89,1969.16,1574.47,628555.14,606.72,2936.90
90,1964.23,1579.39,626975.76,604.90,2938.72
91,1959.30,1584.32,625391.43,603.08,2940.54
92,1954.35,1589.27,623802.16,601.25,2942.37
93,1949.38,1594.24,622207.92,599.41,2944.21
94,1944.40,1599.22,620608.70,597.57,2946.05
95,1939.40,1604.22,619004.48,595.72,2947.90
96,1934.39,1609.23,617395.25,593.87,2949.75
97,1929.36,1614.26,615780.99,592.01,2951.61
98,1924.32,1619.30,614161.69,590.14,2953.48
99,1919.26,1624.37,612537.32,588.27,2955.35
100,1914.18,1629.44,610907.88,586.40,2957.22
101,1909.09,1634.53,609273.35,584.51,2959.11
102,1903.98,1639.64,607633.71,582.63,2960.99
103,1898.86,1644.77,605988.94,580.73,2962.89
104,1893.72,1649.91,604339.04,578.83,2964.79
105,1888.56,1655.06,602683.97,576.93,2966.70
106,1883.39,1660.23,601023.74,575.01,2968.61
107,1878.20,1665.42,599358.32,573.10,2970.53
108,1872.99,1670.63,597687.69,571.17,2972.45
109,1867.77,1675.85,596011.85,569.24,2974.38
110,1862.54,1681.08,594330.76,567.30,2976.32
111,1857.28,1686.34,592644.43,565.36,2978.26
112,1852.01,1691.61,590952.82,563.41,2980.21
113,1846.73,1696.89,589255.93,561.46,2982.16
114,1841.42,1702.20,587553.73,559.50,2984.12
115,1836.11,1707.52,585846.22,557.53,2986.09
116,1830.77,1712.85,584133.37,555.56,2988.06
117,1825.42,1718.20,582415.16,553.58,2990.04
118,1820.05,1723.57,580691.59,551.60,2992.02
119,1814.66,1728.96,578962.63,549.61,2994.02
120,1809.26,1734.36,577228.27,547.61,2996.01
121,1803.84,1739.78,575488.49,545.60,2998.02
122,1798.40,1745.22,573743.27,543.59,3000.03
123,1792.95,1750.67,571992.59,541.58,3002.04
124,1787.48,1756.14,570236.45,539.56,3004.07
125,1781.99,1761.63,568474.82,537.53,3006.09
126,1776.48,1767.14,566707.68,535.49,3008.13
127,1770.96,1772.66,564935.02,533.45,3010.17
128,1765.42,1778.20,563156.82,531.40,3012.22
129,1759.87,1783.76,561373.07,529.35,3014.27
130,1754.29,1789.33,559583.74,527.29,3016.33
131,1748.70,1794.92,557788.82,525.22,3018.40
132,1743.09,1800.53,555988.29,523.15,3020.48
133,1737.46,1806.16,554182.13,521.07,3022.56
134,1731.82,1811.80,552370.33,518.98,3024.64
135,1726.16,1817.46,550552.87,516.89,3026.74
136,1720.48,1823.14,548729.72,514.79,3028.83
137,1714.78,1828.84,546900.88,512.68,3030.94
138,1709.07,1834.56,545066.33,510.57,3033.05
139,1703.33,1840.29,543226.04,508.45,3035.17
140,1697.58,1846.04,541380.00,506.32,3037.30
141,1691.81,1851.81,539528.19,504.19,3039.43
142,1686.03,1857.59,537670.60,502.05,3041.57
143,1680.22,1863.40,535807.20,499.90,3043.72
144,1674.40,1869.22,533937.97,497.75,3045.87
145,1668.56,1875.06,532062.91,495.59,3048.03
146,1662.70,1880.92,530181.99,493.42,3050.20
147,1656.82,1886.80,528295.18,491.25,3052.37
148,1650.92,1892.70,526402.49,489.07,3054.55
149,1645.01,1898.61,524503.87,486.88,3056.74
150,1639.07,1904.55,522599.33,484.69,3058.93
151,1633.12,1910.50,520688.83,482.49,3061.13
152,1627.15,1916.47,518772.36,480.28,3063.34
153,1621.16,1922.46,516849.91,478.07,3065.55
154,1615.16,1928.46,514921.44,475.85,3067.77
155,1609.13,1934.49,512986.95,473.62,3070.00
156,1603.08,1940.54,511046.41,471.39,3072.24
157,1597.02,1946.60,509099.81,469.14,3074.48
158,1590.94,1952.68,507147.13,466.89,3076.73
159,1584.83,1958.79,505188.34,464.64,3078.98
160,1578.71,1964.91,503223.44,462.38,3081.25
161,1572.57,1971.05,501252.39,460.11,3083.52
162,1566.41,1977.21,499275.18,457.83,3085.79
163,1560.23,1983.39,497291.80,455.54,3088.08
164,1554.04,1989.58,495302.21,453.25,3090.37
165,1547.82,1995.80,493306.41,450.95,3092.67
166,1541.58,2002.04,491304.37,448.65,3094.97
167,1535.33,2008.29,489296.08,446.34,3097.29
168,1529.05,2014.57,487281.51,444.01,3099.61
169,1522.75,2020.87,485260.64,441.69,3101.93
170,1516.44,2027.18,483233.46,439.35,3104.27
171,1510.10,2033.52,481199.95,437.01,3106.61
172,1503.75,2039.87,479160.08,434.66,3108.96
173,1497.38,2046.25,477113.83,432.30,3111.32
174,1490.98,2052.64,475061.19,429.94,3113.68
175,1484.57,2059.05,473002.14,427.57,3116.05
176,1478.13,2065.49,470936.65,425.19,3118.43
177,1471.68,2071.94,468864.71,422.80,3120.82
178,1465.20,2078.42,466786.29,420.41,3123.21
179,1458.71,2084.91,464701.37,418.01,3125.61
180,1452.19,2091.43,462609.95,415.60,3128.02
181,1445.66,2097.96,460511.98,413.18,3130.44
182,1439.10,2104.52,458407.46,410.76,3132.86
183,1432.52,2111.10,456296.36,408.33,3135.29
184,1425.93,2117.69,454178.67,405.89,3137.73
185,1419.31,2124.31,452054.36,403.44,3140.18
186,1412.67,2130.95,449923.41,400.99,3142.63
187,1406.01,2137.61,447785.80,398.53,3145.09
188,1399.33,2144.29,445641.51,396.06,3147.56
189,1392.63,2150.99,443490.52,393.58,3150.04
190,1385.91,2157.71,441332.80,391.10,3152.53
191,1379.17,2164.46,439168.35,388.60,3155.02
192,1372.40,2171.22,436997.13,386.10,3157.52
193,1365.62,2178.00,434819.12,383.59,3160.03
194,1358.81,2184.81,432634.31,381.08,3162.54
195,1351.98,2191.64,430442.67,378.55,3165.07
196,1345.13,2198.49,428244.19,376.02,3167.60
197,1338.26,2205.36,426038.83,373.48,3170.14
198,1331.37,2212.25,423826.58,370.93,3172.69
199,1324.46,2219.16,421607.42,368.38,3175.24
200,1317.52,2226.10,419381.32,365.81,3177.81
201,1310.57,2233.05,417148.27,363.24,3180.38
202,1303.59,2240.03,414908.23,360.66,3182.96
203,1296.59,2247.03,412661.20,358.07,3185.55
204,1289.57,2254.05,410407.15,355.48,3188.14
205,1282.52,2261.10,408146.05,352.87,3190.75
206,1275.46,2268.16,405877.89,350.26,3193.36
207,1268.37,2275.25,403602.63,347.64,3195.98
208,1261.26,2282.36,401320.27,345.01,3198.61
209,1254.13,2289.49,399030.78,342.38,3201.25
210,1246.97,2296.65,396734.13,339.73,3203.89
211,1239.79,2303.83,394430.30,337.08,3206.54
212,1232.59,2311.03,392119.28,334.42,3209.21
213,1225.37,2318.25,389801.03,331.75,3211.88
214,1218.13,2325.49,387475.54,329.07,3214.55
215,1210.86,2332.76,385142.78,326.38,3217.24
216,1203.57,2340.05,382802.73,323.69,3219.94
217,1196.26,2347.36,380455.36,320.98,3222.64
218,1188.92,2354.70,378100.67,318.27,3225.35
219,1181.56,2362.06,375738.61,315.55,3228.07
220,1174.18,2369.44,373369.17,312.82,3230.80
221,1166.78,2376.84,370992.33,310.08,3233.54
222,1159.35,2384.27,368608.06,307.34,3236.28
223,1151.90,2391.72,366216.34,304.58,3239.04
224,1144.43,2399.19,363817.15,301.82,3241.80
225,1136.93,2406.69,361410.46,299.05,3244.57
226,1129.41,2414.21,358996.24,296.27,3247.35
227,1121.86,2421.76,356574.49,293.48,3250.14
228,1114.30,2429.33,354145.16,290.68,3252.94
229,1106.70,2436.92,351708.24,287.87,3255.75
230,1099.09,2444.53,349263.71,285.06,3258.56
231,1091.45,2452.17,346811.54,282.23,3261.39
232,1083.79,2459.83,344351.71,279.40,3264.22
233,1076.10,2467.52,341884.18,276.56,3267.06
234,1068.39,2475.23,339408.95,273.71,3269.91
235,1060.65,2482.97,336925.98,270.85,3272.77
236,1052.89,2490.73,334435.26,267.98,3275.64
237,1045.11,2498.51,331936.75,265.10,3278.52
238,1037.30,2506.32,329430.43,262.22,3281.40
239,1029.47,2514.15,326916.28,259.32,3284.30
240,1021.61,2522.01,324394.27,256.42,3287.21
241,1013.73,2529.89,321864.38,253.50,3290.12
242,1005.83,2537.79,319326.59,250.58,3293.04
243,997.90,2545.72,316780.86,247.65,3295.97
244,989.94,2553.68,314227.18,244.71,3298.91
245,981.96,2561.66,311665.52,241.76,3301.86
246,973.95,2569.67,309095.86,238.80,3304.82
247,965.92,2577.70,306518.16,235.83,3307.79
248,957.87,2585.75,303932.41,232.85,3310.77
249,949.79,2593.83,301338.58,229.86,3313.76
250,941.68,2601.94,298736.64,226.87,3316.76
251,933.55,2610.07,296126.57,223.86,3319.76
252,925.40,2618.22,293508.35,220.84,3322.78
253,917.21,2626.41,290881.94,217.82,3325.80
254,909.01,2634.61,288247.33,214.78,3328.84
255,900.77,2642.85,285604.48,211.74,3331.88
256,892.51,2651.11,282953.37,208.69,3334.93
257,884.23,2659.39,280293.98,205.62,3338.00
258,875.92,2667.70,277626.28,202.55,3341.07
259,867.58,2676.04,274950.24,199.47,3344.15
260,859.22,2684.40,272265.84,196.38,3347.24
261,850.83,2692.79,269573.05,193.28,3350.34
262,842.42,2701.20,266871.84,190.17,3353.45
263,833.97,2709.65,264162.20,187.05,3356.58
264,825.51,2718.11,261444.09,183.91,3359.71
265,817.01,2726.61,258717.48,180.77,3362.85
266,808.49,2735.13,255982.35,177.62,3366.00
267,799.94,2743.68,253238.67,174.46,3369.16
268,791.37,2752.25,250486.42,171.29,3372.33
269,782.77,2760.85,247725.57,168.12,3375.51
270,774.14,2769.48,244956.10,164.93,3378.70
271,765.49,2778.13,242177.96,161.73,3381.89
272,756.81,2786.81,239391.15,158.52,3385.10
273,748.10,2795.52,236595.63,155.30,3388.32
274,739.36,2804.26,233791.37,152.07,3391.55
275,730.60,2813.02,230978.34,148.83,3394.79
276,721.81,2821.81,228156.53,145.58,3398.04
277,712.99,2830.63,225325.90,142.32,3401.30
278,704.14,2839.48,222486.42,139.05,3404.57
279,695.27,2848.35,219638.07,135.77,3407.85
280,686.37,2857.25,216780.82,132.48,3411.14
281,677.44,2866.18,213914.64,129.17,3414.45
282,668.48,2875.14,211039.50,125.86,3417.76
283,659.50,2884.12,208155.38,122.54,3421.08
284,650.49,2893.13,205262.25,119.21,3424.41
285,641.44,2902.18,202360.07,115.87,3427.75
286,632.38,2911.25,199448.82,112.51,3431.11
287,623.28,2920.34,196528.48,109.15,3434.47
288,614.15,2929.47,193599.01,105.78,3437.84
289,605.00,2938.62,190660.39,102.39,3441.23
290,595.81,2947.81,187712.58,99.00,3444.62
291,586.60,2957.02,184755.56,95.59,3448.03
292,577.36,2966.26,181789.30,92.18,3451.45
293,568.09,2975.53,178813.77,88.75,3454.87
294,558.79,2984.83,175828.95,85.31,3458.31
295,549.47,2994.16,172834.79,81.86,3461.76
296,540.11,3003.51,169831.28,78.40,3465.22
297,530.72,3012.90,166818.38,74.93,3468.69
298,521.31,3022.31,163796.07,71.45,3472.17
299,511.86,3031.76,160764.31,67.96,3475.66
300,502.39,3041.23,157723.08,64.46,3479.16
301,492.88,3050.74,154672.34,60.94,3482.68
302,483.35,3060.27,151612.07,57.42,3486.20
303,473.79,3069.83,148542.24,53.88,3489.74
304,464.19,3079.43,145462.82,50.34,3493.28
305,454.57,3089.05,142373.77,46.78,3496.84
306,444.92,3098.70,139275.06,43.21,3500.41
307,435.23,3108.39,136166.68,39.63,3503.99
308,425.52,3118.10,133048.58,36.04,3507.58
309,415.78,3127.84,129920.73,32.44,3511.18
310,406.00,3137.62,126783.12,28.82,3514.80
311,396.20,3147.42,123635.69,25.20,3518.42
312,386.36,3157.26,120478.43,21.56,3522.06
313,376.50,3167.13,117311.31,17.92,3525.71
314,366.60,3177.02,114134.29,14.26,3529.36
315,356.67,3186.95,110947.34,10.59,3533.03
316,346.71,3196.91,107750.43,6.90,3536.72
317,336.72,3206.90,104543.52,3.21,3540.41
318,326.70,3216.92,101326.60,-0.49,3544.12
319,316.65,3226.97,98099.63,-4.21,3547.83
320,306.56,3237.06,94862.57,-7.94,3551.56
321,296.45,3247.17,91615.39,-11.68,3555.30
322,286.30,3257.32,88358.07,-15.43,3559.05
323,276.12,3267.50,85090.57,-19.19,3562.81
324,265.91,3277.71,81812.86,-22.97,3566.59
325,255.67,3287.96,78524.90,-26.76,3570.38
326,245.39,3298.23,75226.67,-30.55,3574.17
327,235.08,3308.54,71918.13,-34.36,3577.99
328,224.74,3318.88,68599.26,-38.19,3581.81
329,214.37,3329.25,65270.01,-42.02,3585.64
330,203.97,3339.65,61930.36,-45.87,3589.49
331,193.53,3350.09,58580.27,-49.73,3593.35
332,183.06,3360.56,55219.71,-53.60,3597.22
333,172.56,3371.06,51848.65,-57.48,3601.10
334,162.03,3381.59,48467.06,-61.37,3604.99
335,151.46,3392.16,45074.90,-65.28,3608.90
336,140.86,3402.76,41672.14,-69.20,3612.82
337,130.23,3413.40,38258.74,-73.13,3616.75
338,119.56,3424.06,34834.68,-77.07,3620.69
339,108.86,3434.76,31399.92,-81.03,3624.65
340,98.12,3445.50,27954.42,-85.00,3628.62
341,87.36,3456.26,24498.16,-88.98,3632.60
342,76.56,3467.06,21031.10,-92.97,3636.59
343,65.72,3477.90,17553.20,-96.98,3640.60
344,54.85,3488.77,14064.43,-101.00,3644.62
345,43.95,3499.67,10564.76,-105.03,3648.65
346,33.01,3510.61,7054.16,-109.07,3652.69
347,22.04,3521.58,3532.58,-113.13,3656.75
348,11.04,3532.58,0.00,-117.19,3660.81
